55,55,55,55,55,55,55,55,55,55,55,55,55,55,55,55,55,55,55,55,55,55,55,55,55,55,55,55,55,55,55,55,55,55,55,55,55,55,55,55,55,55,55,55,55,55,55,55,55,55,55,55,55,55,55,55,55,55,55,55,55,55,55,55,55,55,55,55,55,55,55,55,55,55,55,55,55,55,55,55,55,55,55,55,55,55,55,55,55,55,55,55,55,55,55,55,55,55,55,55,55,55,55,55,55,55,55,55,55,55,55,55,55,55,55,55,55,55,55,55,55,55,55,55,55,55,55,55
55,-1,-1,-1,-1,-1,-1,-1,-1,-1,-1,-1,-1,-1,-1,-1,-1,-1,-1,-1,-1,-1,-1,-1,-1,-1,-1,-1,-1,-1,-1,-1,-1,-1,-1,-1,-1,-1,-1,-1,-1,-1,-1,-1,-1,-1,-1,-1,-1,-1,-1,-1,-1,-1,-1,-1,-1,-1,-1,-1,-1,-1,-1,-1,-1,-1,-1,-1,-1,-1,-1,-1,-1,-1,-1,-1,-1,-1,-1,-1,-1,-1,-1,-1,-1,-1,-1,-1,-1,-1,-1,-1,-1,-1,-1,-1,-1,-1,-1,-1,-1,-1,-1,-1,-1,-1,-1,-1,-1,-1,-1,-1,-1,-1,-1,-1,-1,-1,-1,-1,-1,-1,-1,-1,-1,-1,-1,55
55,-1,-1,-1,-1,-1,-1,-1,-1,-1,-1,-1,-1,-1,-1,-1,-1,-1,-1,-1,-1,69,-1,-1,-1,-1,-1,-1,-1,-1,-1,-1,-1,-1,-1,-1,-1,-1,-1,-1,-1,-1,-1,-1,-1,-1,-1,-1,-1,-1,-1,9,-1,-1,-1,-1,-1,-1,-1,-1,-1,-1,-1,-1,-1,-1,-1,-1,-1,-1,-1,-1,-1,-1,-1,-1,-1,-1,-1,-1,-1,-1,-1,-1,-1,-1,-1,-1,-1,-1,-1,-1,-1,-1,-1,-1,-1,-1,-1,-1,-1,-1,-1,-1,-1,-1,-1,-1,-1,-1,-1,-1,-1,-1,-1,-1,-1,-1,-1,-1,-1,-1,-1,-1,-1,-1,-1,55
55,-1,-1,-1,-1,-1,-1,-1,-1,-1,-1,-1,-1,-1,-1,-1,-1,-1,-1,-1,-1,81,-1,-1,-1,-1,-1,-1,-1,-1,-1,-1,-1,-1,-1,-1,-1,-1,-1,-1,-1,-1,-1,-1,-1,-1,-1,-1,-1,-1,-1,140,-1,-1,-1,9,9,-1,-1,-1,-1,-1,-1,-1,-1,-1,-1,-1,-1,-1,-1,-1,-1,-1,-1,-1,-1,-1,-1,-1,-1,-1,-1,-1,-1,-1,-1,-1,-1,-1,-1,-1,-1,-1,-1,-1,-1,-1,-1,-1,-1,-1,-1,-1,-1,-1,-1,-1,-1,-1,-1,-1,-1,-1,-1,-1,-1,-1,-1,-1,-1,-1,-1,-1,-1,-1,-1,55
55,-1,-1,-1,-1,-1,-1,-1,-1,-1,-1,-1,9,-1,-1,-1,-1,-1,-1,-1,-1,-1,-1,-1,-1,-1,-1,-1,-1,-1,-1,-1,-1,-1,-1,-1,-1,-1,-1,-1,-1,-1,-1,9,9,9,9,9,-1,-1,-1,140,-1,-1,-1,-1,-1,-1,-1,-1,-1,-1,-1,-1,-1,-1,-1,9,-1,-1,-1,-1,-1,-1,-1,-1,-1,-1,-1,-1,-1,-1,-1,-1,-1,-1,-1,-1,-1,-1,-1,-1,-1,-1,-1,-1,-1,-1,-1,-1,-1,-1,-1,-1,-1,-1,-1,-1,-1,-1,-1,-1,-1,-1,-1,-1,-1,-1,-1,-1,-1,-1,-1,-1,-1,-1,-1,55
55,-1,-1,-1,9,9,9,9,9,9,-1,-1,140,-1,-1,-1,-1,-1,-1,-1,-1,-1,-1,-1,-1,28,-1,-1,-1,-1,-1,-1,-1,-1,-1,-1,-1,-1,-1,-1,-1,-1,-1,-1,-1,-1,-1,-1,-1,-1,-1,-1,-1,-1,-1,-1,-1,-1,-1,-1,-1,-1,-1,-1,-1,-1,-1,140,-1,-1,-1,-1,9,9,9,9,9,-1,-1,-1,-1,-1,-1,-1,-1,-1,-1,-1,-1,-1,-1,-1,-1,-1,-1,-1,-1,-1,-1,-1,-1,-1,-1,-1,-1,-1,-1,-1,-1,-1,-1,-1,-1,-1,-1,-1,-1,-1,-1,-1,-1,-1,-1,-1,-1,-1,-1,55
55,-1,-1,-1,-1,-1,140,140,140,140,-1,-1,140,-1,-1,-1,-1,-1,-1,-1,-1,-1,-1,-1,-1,16,28,28,28,-1,-1,-1,-1,-1,-1,-1,-1,28,28,28,-1,-1,-1,-1,-1,-1,-1,-1,-1,-1,-1,-1,-1,-1,-1,-1,-1,-1,-1,-1,9,9,9,9,-1,-1,-1,140,-1,-1,-1,-1,-1,-1,-1,-1,140,9,9,9,9,9,9,-1,-1,-1,-1,-1,-1,-1,-1,-1,-1,-1,-1,-1,-1,-1,-1,-1,-1,-1,-1,-1,-1,-1,-1,-1,-1,-1,-1,132,-1,-1,-1,-1,-1,-1,-1,-1,-1,-1,-1,132,-1,-1,-1,55
55,-1,-1,-1,-1,-1,-1,-1,-1,140,-1,-1,140,-1,-1,-1,28,28,-1,-1,-1,-1,-1,-1,-1,-1,-1,-1,-1,-1,28,28,28,28,28,28,28,16,-1,-1,28,-1,-1,-1,-1,-1,-1,-1,-1,-1,-1,-1,-1,-1,-1,-1,-1,-1,-1,-1,-1,-1,-1,-1,-1,-1,-1,140,-1,-1,-1,-1,-1,-1,-1,-1,-1,-1,-1,-1,-1,-1,-1,-1,-1,-1,-1,-1,-1,-1,-1,-1,-1,-1,-1,-1,9,9,9,9,9,9,-1,-1,-1,-1,-1,-1,-1,-1,-1,-1,-1,-1,-1,-1,-1,-1,-1,-1,-1,-1,-1,-1,-1,-1,-1,55
55,-1,-1,-1,-1,-1,-1,-1,-1,-1,-1,-1,140,-1,-1,-1,-1,-1,-1,-1,-1,-1,-1,-1,-1,-1,-1,-1,-1,-1,-1,-1,-1,-1,-1,-1,-1,-1,-1,-1,-1,-1,-1,-1,-1,-1,-1,-1,-1,-1,-1,-1,9,9,9,-1,-1,-1,-1,-1,-1,-1,-1,-1,-1,-1,-1,140,9,9,-1,-1,-1,-1,-1,-1,-1,-1,-1,-1,-1,-1,-1,-1,-1,-1,-1,-1,-1,-1,-1,-1,-1,-1,-1,-1,-1,-1,-1,-1,-1,-1,-1,-1,-1,-1,-1,-1,-1,-1,-1,-1,-1,-1,-1,-1,-1,140,140,140,140,-1,-1,-1,-1,-1,-1,55
55,9,9,9,-1,-1,-1,-1,-1,-1,-1,-1,140,-1,-1,-1,-1,-1,-1,-1,-1,28,28,28,28,-1,-1,-1,-1,-1,-1,-1,-1,-1,-1,-1,-1,-1,-1,-1,-1,-1,-1,-1,28,28,-1,-1,-1,-1,9,9,140,-1,-1,-1,-1,9,9,-1,-1,-1,-1,-1,-1,-1,-1,-1,-1,140,9,9,9,9,9,-1,-1,-1,-1,-1,-1,-1,-1,-1,-1,9,-1,-1,-1,-1,-1,9,9,9,-1,-1,-1,-1,-1,-1,-1,-1,-1,-1,-1,-1,9,9,9,-1,-1,-1,-1,-1,-1,140,140,140,140,140,140,-1,-1,-1,-1,132,-1,55
55,-1,-1,-1,-1,-1,-1,-1,-1,-1,-1,-1,140,-1,-1,-1,-1,-1,-1,-1,-1,-1,-1,-1,-1,-1,-1,-1,-1,-1,-1,-1,-1,-1,-1,-1,-1,-1,-1,-1,-1,-1,-1,-1,-1,-1,-1,-1,9,9,140,-1,-1,-1,-1,-1,-1,-1,-1,-1,-1,-1,-1,-1,-1,-1,-1,-1,-1,-1,-1,-1,-1,-1,140,9,9,9,9,9,9,-1,-1,-1,-1,140,-1,-1,-1,-1,-1,-1,-1,-1,-1,-1,-1,-1,-1,-1,-1,-1,-1,-1,-1,-1,-1,-1,-1,-1,-1,-1,-1,-1,140,140,140,140,140,140,140,-1,132,-1,-1,-1,-1,55
55,-1,-1,-1,-1,-1,-1,-1,9,9,-1,-1,140,-1,-1,-1,-1,-1,-1,-1,-1,-1,-1,-1,-1,-1,-1,-1,-1,-1,-1,-1,-1,-1,-1,-1,-1,-1,-1,28,28,28,-1,-1,-1,-1,-1,-1,-1,-1,-1,-1,-1,-1,-1,-1,-1,-1,-1,-1,-1,9,-1,-1,-1,-1,-1,-1,-1,-1,-1,-1,-1,-1,-1,-1,-1,-1,-1,-1,-1,-1,-1,-1,-1,-1,-1,-1,-1,-1,-1,-1,-1,-1,-1,-1,-1,-1,-1,-1,9,-1,-1,9,-1,-1,-1,-1,-1,-1,-1,-1,-1,-1,140,140,140,140,140,140,140,-1,-1,-1,-1,-1,-1,55
55,-1,-1,-1,-1,-1,-1,-1,140,-1,-1,-1,-1,-1,-1,-1,-1,-1,132,-1,-1,-1,-1,-1,-1,-1,-1,-1,-1,-1,-1,-1,-1,-1,-1,-1,-1,28,28,16,-1,-1,-1,-1,-1,-1,-1,-1,-1,-1,-1,-1,-1,-1,-1,-1,-1,-1,-1,-1,-1,140,9,9,9,-1,-1,-1,-1,-1,-1,-1,-1,-1,-1,-1,-1,-1,-1,-1,-1,-1,-1,-1,-1,-1,-1,-1,9,-1,-1,-1,-1,-1,-1,-1,-1,9,-1,-1,-1,-1,-1,-1,-1,-1,-1,-1,-1,-1,-1,-1,-1,-1,140,140,140,140,140,140,-1,-1,-1,-1,-1,-1,-1,55
55,-1,-1,9,9,9,-1,-1,140,-1,-1,-1,-1,-1,-1,-1,-1,-1,132,-1,-1,-1,-1,-1,-1,-1,-1,-1,-1,-1,-1,28,28,28,28,-1,-1,-1,-1,-1,-1,-1,-1,-1,-1,-1,-1,-1,-1,-1,-1,-1,-1,-1,-1,-1,-1,-1,-1,-1,-1,-1,-1,-1,-1,-1,-1,-1,-1,-1,-1,-1,-1,-1,-1,-1,-1,-1,9,9,9,9,9,9,9,-1,-1,-1,-1,-1,-1,-1,-1,-1,-1,-1,-1,-1,-1,-1,-1,-1,-1,-1,-1,-1,-1,-1,-1,-1,-1,9,-1,-1,140,140,140,140,140,-1,-1,-1,-1,-1,-1,-1,-1,55
55,-1,-1,-1,-1,-1,-1,-1,-1,-1,-1,-1,-1,-1,-1,-1,-1,132,132,-1,-1,-1,132,132,132,132,132,132,-1,-1,-1,-1,-1,-1,-1,-1,-1,-1,-1,-1,-1,28,102,102,102,102,102,102,102,102,102,9,9,9,9,9,102,102,102,102,102,102,102,102,102,102,102,102,102,102,102,102,9,9,9,9,9,9,140,140,140,140,140,140,140,9,-1,-1,-1,-1,-1,-1,-1,-1,9,-1,-1,-1,-1,-1,-1,-1,-1,-1,-1,-1,-1,-1,-1,-1,-1,140,-1,-1,-1,140,140,-1,-1,-1,-1,-1,-1,-1,132,-1,-1,55
55,-1,-1,-1,-1,-1,-1,-1,-1,-1,-1,-1,-1,-1,-1,-1,132,132,132,-1,-1,-1,-1,132,132,132,132,132,132,-1,-1,-1,-1,-1,-1,-1,-1,-1,-1,-1,-1,16,16,16,43,43,43,43,43,43,140,140,140,140,140,140,140,43,43,43,43,43,43,43,43,43,140,140,140,140,140,140,140,140,140,140,140,140,140,140,140,140,140,140,140,140,-1,-1,-1,-1,-1,-1,-1,-1,-1,-1,-1,-1,-1,-1,-1,-1,-1,-1,-1,-1,-1,-1,-1,-1,-1,140,9,-1,-1,140,140,-1,-1,-1,-1,132,-1,-1,-1,-1,-1,55
55,9,9,9,127,138,138,138,138,138,138,138,138,127,9,9,132,132,-1,-1,-1,-1,-1,-1,-1,-1,132,132,132,-1,-1,-1,-1,-1,-1,-1,-1,-1,-1,-1,28,16,16,16,16,16,43,43,43,140,140,140,140,140,140,140,140,140,43,43,43,43,43,43,43,140,140,140,140,140,140,140,140,140,140,140,140,140,140,140,140,140,140,140,140,140,-1,-1,-1,-1,-1,9,9,-1,-1,-1,-1,9,9,9,9,-1,-1,-1,9,9,9,9,9,-1,-1,140,140,-1,-1,140,140,140,140,132,-1,-1,-1,-1,-1,-1,-1,55
55,55,55,55,55,55,55,55,55,55,55,55,55,55,55,55,55,55,60,60,60,60,60,60,60,60,55,55,55,60,60,60,60,60,60,60,60,60,60,60,55,55,55,55,55,55,55,55,55,55,55,55,55,55,55,55,55,55,55,55,55,55,55,55,55,55,55,55,55,55,55,55,55,55,55,55,55,55,55,55,55,55,55,55,55,55,60,60,60,60,60,55,55,60,60,60,60,55,55,55,55,60,60,60,55,55,55,55,55,60,60,55,55,60,60,55,55,55,55,60,60,60,60,60,60,60,60,55
